structure(list(x = c(-0.626453810742332, 0.183643324222082, -0.835628612410047, 
1.59528080213779, 0.329507771815361, -0.820468384118015, 0.487429052428485, 
0.738324705129217, 0.575781351653492, -0.305388387156356), y = c(1.51178116845085, 
0.389843236411431, -0.621240580541804, -2.2146998871775, 1.12493091814311, 
-0.0449336090152309, -0.0161902630989461, 0.943836210685299, 
0.821221195098089, 0.593901321217509), z = c(0.918977371608218, 
0.782136300731067, 0.0745649833651906, -1.98935169586337, 0.61982574789471, 
-0.0561287395290008, -0.155795506705329, -1.47075238389927, -0.47815005510862, 
0.417941560199702)), .Names = c("x", "y", "z"), row.names = c(NA, 
-10L), class = "data.frame")
